--- DATA=0x00  packet: 55 0d 04 33 0a 06 eb 34 40 06 00 fd 35 ---
[DATA=0x00] [IN] len=64 55 4d 04 a8 06 0a 10 00 40 00 81 72 63 32 32 31 00 00 00 00 00 00 00 00 00 00 00 00 00 00 00 00 00 00 00 00 00 00 00 00 00 00 00 00 00 0a 00 00 00 00 00 00 06 00 00 00 00 00 00 00 00 00 00 00 ***NEW/CHANGED***
[DATA=0x00] [IN] len=13 00 00 00 00 00 00 00 00 00 00 00 53 bb ***NEW/CHANGED***
[DATA=0x00] [IN] len=64 55 4d 04 a8 06 0a 11 00 40 00 82 72 63 32 32 31 00 00 00 00 00 00 00 00 00 00 00 00 00 00 00 00 00 00 00 00 00 00 00 00 00 00 00 00 00 0a 00 00 00 00 00 00 06 00 00 00 00 00 00 00 00 00 00 00 ***NEW/CHANGED***
[DATA=0x00] [IN] len=64 00 00 00 00 00 00 00 00 00 00 00 81 76 55 13 04 03 06 0a 18 00 00 06 1e 28 0a 00 00 64 01 76 5f 55 4d 04 a8 06 0a 1c 00 40 00 81 72 63 32 32 31 00 00 00 00 00 00 00 00 00 00 00 00 00 00 00 00 ***NEW/CHANGED***
[DATA=0x00] [IN] len=64 00 00 00 00 00 00 00 00 00 00 00 00 00 0a 00 00 00 00 00 00 06 00 00 00 00 00 00 00 00 00 00 00 00 00 00 00 00 00 00 00 00 00 00 96 e4 55 4d 04 a8 06 0a 1d 00 40 00 82 72 63 32 32 31 00 00 00 ***NEW/CHANGED***
[DATA=0x00] [IN] len=64 00 00 00 00 00 00 00 00 00 00 00 00 00 00 00 00 00 00 00 00 00 00 00 00 00 00 0a 00 00 00 00 00 00 06 00 00 00 00 00 00 00 00 00 00 00 00 00 00 00 00 00 00 00 00 00 00 44 29 55 13 04 03 06 0a ***NEW/CHANGED***
[DATA=0x00] [IN] len=64 22 00 00 06 1e 28 0a 00 00 64 01 31 db 55 4d 04 a8 06 0a 26 00 40 00 81 72 63 32 32 31 00 00 00 00 00 00 00 00 00 00 00 00 00 00 00 00 00 00 00 00 00 00 00 00 00 00 00 00 00 0a 00 00 00 00 00 ***NEW/CHANGED***
[DATA=0x00] [IN] len=64 00 06 00 00 00 00 00 00 00 00 00 00 00 00 00 00 00 00 00 00 00 00 00 00 bc 67 55 4d 04 a8 06 0a 27 00 40 00 82 72 63 32 32 31 00 00 00 00 00 00 00 00 00 00 00 00 00 00 00 00 00 00 00 00 00 00 ***NEW/CHANGED***
[DATA=0x00] [IN] len=64 00 00 00 00 00 00 00 0a 00 00 00 00 00 00 06 00 00 00 00 00 00 00 00 00 00 00 00 00 00 00 00 00 00 00 00 00 00 6e aa 55 13 04 03 06 0a 2d 00 00 06 1e 28 0a 00 00 64 01 7d c7 55 4d 04 a8 06 0a ***NEW/CHANGED***
[DATA=0x00] [IN] len=64 31 00 40 00 81 72 63 32 32 31 00 00 00 00 00 00 00 00 00 00 00 00 00 00 00 00 00 00 00 00 00 00 00 00 00 00 00 00 00 0a 00 00 00 00 00 00 06 00 00 00 00 00 00 00 00 00 00 00 00 00 00 00 00 00 ***NEW/CHANGED***
[DATA=0x00] [IN] len=64 00 00 00 00 00 06 d2 55 4d 04 a8 06 0a 32 00 40 00 82 72 63 32 32 31 00 00 00 00 00 00 00 00 00 00 00 00 00 00 00 00 00 00 00 00 00 00 00 00 00 00 00 00 00 0a 00 00 00 00 00 00 06 00 00 00 00 ***NEW/CHANGED***
[DATA=0x00] [IN] len=64 00 00 00 00 00 00 00 00 00 00 00 00 00 00 00 00 00 00 7d 81 55 13 04 03 06 0a 37 00 00 06 1e 28 0a 00 00 64 01 b0 a1 55 4d 04 a8 06 0a 3c 00 40 00 81 72 63 32 32 31 00 00 00 00 00 00 00 00 00 ***NEW/CHANGED***
[DATA=0x00] [IN] len=64 00 00 00 00 00 00 00 00 00 00 00 00 00 00 00 00 00 00 00 00 0a 00 00 00 00 00 00 06 00 00 00 00 00 00 00 00 00 00 00 00 00 00 00 00 00 00 00 00 00 00 9f 46 55 4d 04 a8 06 0a 3d 00 40 00 82 72 ***NEW/CHANGED***
[DATA=0x00] [IN] len=64 63 32 32 31 00 00 00 00 00 00 00 00 00 00 00 00 00 00 00 00 00 00 00 00 00 00 00 00 00 00 00 00 00 0a 00 00 00 00 00 00 06 00 00 00 00 00 00 00 00 00 00 00 00 00 00 00 00 00 00 00 00 00 00 4d ***NEW/CHANGED***
[DATA=0x00] [IN] len=64 8b 55 13 04 03 06 0a 42 00 00 06 1e 28 0a 00 00 64 01 be f4 55 4d 04 a8 06 0a 47 00 40 00 81 72 63 32 32 31 00 00 00 00 00 00 00 00 00 00 00 00 00 00 00 00 00 00 00 00 00 00 00 00 00 00 00 00 ***NEW/CHANGED***
[DATA=0x00] [IN] len=64 00 0a 00 00 00 00 00 00 06 00 00 00 00 00 00 00 00 00 00 00 00 00 00 00 00 00 00 00 00 00 00 ea 42 55 4d 04 a8 06 0a 48 00 40 00 82 72 63 32 32 31 00 00 00 00 00 00 00 00 00 00 00 00 00 00 00 ***NEW/CHANGED***
[DATA=0x00] [IN] len=64 00 00 00 00 00 00 00 00 00 00 00 00 00 00 0a 00 00 00 00 00 00 06 00 00 00 00 00 00 00 00 00 00 00 00 00 00 00 00 00 00 00 00 00 00 54 4e 55 13 04 03 06 0a 4d 00 00 06 1e 28 0a 00 00 64 01 f2 ***NEW/CHANGED***
[DATA=0x00] [IN] len=64 e8 55 4d 04 a8 06 0a 52 00 40 00 81 72 63 32 32 31 00 00 00 00 00 00 00 00 00 00 00 00 00 00 00 00 00 00 00 00 00 00 00 00 00 00 00 00 00 0a 00 00 00 00 00 00 06 00 00 00 00 00 00 00 00 00 00 ***NEW/CHANGED***
[DATA=0x00] [IN] len=64 00 00 00 00 00 00 00 00 00 00 00 00 f9 69 55 4d 04 a8 06 0a 53 00 40 00 82 72 63 32 32 31 00 00 00 00 00 00 00 00 00 00 00 00 00 00 00 00 00 00 00 00 00 00 00 00 00 00 00 00 00 0a 00 00 00 00 ***NEW/CHANGED***
[DATA=0x00] [IN] len=64 00 00 06 00 00 00 00 00 00 00 00 00 00 00 00 00 00 00 00 00 00 00 00 00 00 2b a4 55 13 04 03 06 0a 58 00 00 06 1e 28 0a 00 00 64 01 73 92 55 4d 04 a8 06 0a 5d 00 40 00 81 72 63 32 32 31 00 00 ***NEW/CHANGED***
[DATA=0x00] [IN] len=64 00 00 00 00 00 00 00 00 00 00 00 00 00 00 00 00 00 00 00 00 00 00 00 00 00 00 00 0a 00 00 00 00 00 00 06 00 00 00 00 00 00 00 00 00 00 00 00 00 00 00 00 00 00 00 00 00 00 c9 63 55 4d 04 a8 06 ***NEW/CHANGED***
[DATA=0x00] [IN] len=64 0a 5e 00 40 00 82 72 63 32 32 31 00 00 00 00 00 00 00 00 00 00 00 00 00 00 00 00 00 00 00 00 00 00 00 00 00 00 00 00 00 0a 00 00 00 00 00 00 06 00 00 00 00 00 00 00 00 00 00 00 00 00 00 00 00 ***NEW/CHANGED***
[DATA=0x00] [IN] len=64 00 00 00 00 00 00 b2 30 55 13 04 03 06 0a 63 00 00 06 1e 28 0a 00 00 64 01 a5 43 55 4d 04 a8 06 0a 68 00 40 00 81 72 63 32 32 31 00 00 00 00 00 00 00 00 00 00 00 00 00 00 00 00 00 00 00 00 00 ***NEW/CHANGED***
[DATA=0x00] [IN] len=64 00 00 00 00 00 00 00 00 0a 00 00 00 00 00 00 06 00 00 00 00 00 00 00 00 00 00 00 00 00 00 00 00 00 00 00 00 00 00 d3 ea 55 4d 04 a8 06 0a 69 00 40 00 82 72 63 32 32 31 00 00 00 00 00 00 00 00 ***NEW/CHANGED***
[DATA=0x00] [IN] len=64 00 00 00 00 00 00 00 00 00 00 00 00 00 00 00 00 00 00 00 00 00 0a 00 00 00 00 00 00 06 00 00 00 00 00 00 00 00 00 00 00 00 00 00 00 00 00 00 00 00 00 00 01 27 55 13 04 03 06 0a 6e 00 00 06 1e ***NEW/CHANGED***
[DATA=0x00] [IN] len=64 28 0a 00 00 64 01 cb f4 55 4d 04 a8 06 0a 73 00 40 00 81 72 63 32 32 31 00 00 00 00 00 00 00 00 00 00 00 00 00 00 00 00 00 00 00 00 00 00 00 00 00 00 00 00 00 0a 00 00 00 00 00 00 06 00 00 00 ***NEW/CHANGED***
[DATA=0x00] [IN] len=64 00 00 00 00 00 00 00 00 00 00 00 00 00 00 00 00 00 00 00 ac 00 55 4d 04 a8 06 0a 74 00 40 00 82 72 63 32 32 31 00 00 00 00 00 00 00 00 00 00 00 00 00 00 00 00 00 00 00 00 00 00 00 00 00 00 00 ***NEW/CHANGED***
[DATA=0x00] [IN] len=64 00 00 0a 00 00 00 00 00 00 06 00 00 00 00 00 00 00 00 00 00 00 00 00 00 00 00 00 00 00 00 00 00 94 66 55 13 04 03 06 0a 79 00 00 06 1e 28 0a 00 00 64 01 68 25 55 4d 04 a8 06 0a 7e 00 40 00 81 ***NEW/CHANGED***
[DATA=0x00] [IN] len=64 72 63 32 32 31 00 00 00 00 00 00 00 00 00 00 00 00 00 00 00 00 00 00 00 00 00 00 00 00 00 00 00 00 00 0a 00 00 00 00 00 00 06 00 00 00 00 00 00 00 00 00 00 00 00 00 00 00 00 00 00 00 00 00 00 ***NEW/CHANGED***
[DATA=0x00] [IN] len=64 35 94 55 4d 04 a8 06 0a 7f 00 40 00 82 72 63 32 32 31 00 00 00 00 00 00 00 00 00 00 00 00 00 00 00 00 00 00 00 00 00 00 00 00 00 00 00 00 00 0a 00 00 00 00 00 00 06 00 00 00 00 00 00 00 00 00 ***NEW/CHANGED***
[DATA=0x00] [IN] len=64 00 00 00 00 00 00 00 00 00 00 00 00 00 e7 59 55 13 04 03 06 0a 84 00 00 06 1e 28 0a 00 00 64 01 d7 5e 55 4d 04 a8 06 0a 89 00 40 00 81 72 63 32 32 31 00 00 00 00 00 00 00 00 00 00 00 00 00 00 ***NEW/CHANGED***
[DATA=0x00] [IN] len=64 00 00 00 00 00 00 00 00 00 00 00 00 00 00 00 0a 00 00 00 00 00 00 06 00 00 00 00 00 00 00 00 00 00 00 00 00 00 00 00 00 00 00 00 00 00 83 57 55 4d 04 a8 06 0a 8a 00 40 00 82 72 63 32 32 31 00 ***NEW/CHANGED***
[DATA=0x00] [IN] len=64 00 00 00 00 00 00 00 00 00 00 00 00 00 00 00 00 00 00 00 00 00 00 00 00 00 00 00 00 0a 00 00 00 00 00 00 06 00 00 00 00 00 00 00 00 00 00 00 00 00 00 00 00 00 00 00 00 00 00 f8 04 55 13 04 03 ***NEW/CHANGED***
[DATA=0x00] [IN] len=64 06 0a 8f 00 00 06 1e 28 0a 00 00 64 01 ce 1c 55 13 04 03 06 0a 9a 00 00 06 1e 28 0a 00 00 64 01 4f 66 55 13 04 03 06 0a a5 00 00 06 1e 28 0a 00 00 64 01 cc e9 55 4d 04 a8 06 0a b7 0f 40 00 81 ***NEW/CHANGED***
[DATA=0x00] [IN] len=64 72 63 32 32 31 00 00 00 00 00 00 00 00 00 00 00 00 00 00 00 00 00 00 00 00 00 00 00 00 00 00 00 00 00 0a 00 00 00 00 00 00 06 00 00 00 00 00 00 00 00 00 00 00 00 00 00 00 00 00 00 00 00 00 00 ***NEW/CHANGED***
[DATA=0x00] [IN] len=64 40 81 55 4d 04 a8 06 0a b8 0f 40 00 82 72 63 32 32 31 00 00 00 00 00 00 00 00 00 00 00 00 00 00 00 00 00 00 00 00 00 00 00 00 00 00 00 00 00 0a 00 00 00 00 00 00 06 00 00 00 00 00 00 00 00 00 ***NEW/CHANGED***
[DATA=0x00] [IN] len=34 00 00 00 00 00 00 00 00 00 00 00 00 00 fe 8d 55 13 04 03 06 0a bd 0f 00 06 1e 28 0a 00 00 64 01 ff 89 ***NEW/CHANGED***
[DATA=0x00] [IN] len=64 55 4d 04 a8 06 0a c2 0f 40 00 81 72 63 32 32 31 00 00 00 00 00 00 00 00 00 00 00 00 00 00 00 00 00 00 00 00 00 00 00 00 00 00 00 00 00 0a 00 00 00 00 00 00 06 00 00 00 00 00 00 00 00 00 00 00 ***NEW/CHANGED***
[DATA=0x00] [IN] len=64 00 00 00 00 00 00 00 00 00 00 00 59 44 55 4d 04 a8 06 0a c3 0f 40 00 82 72 63 32 32 31 00 00 00 00 00 00 00 00 00 00 00 00 00 00 00 00 00 00 00 00 00 00 00 00 00 00 00 00 00 0a 00 00 00 00 00 ***NEW/CHANGED***
[DATA=0x00] [IN] len=26 00 06 00 00 00 00 00 00 00 00 00 00 00 00 00 00 00 00 00 00 00 00 00 00 8b 89 ***NEW/CHANGED***
[DATA=0x00] [IN] len=19 55 13 04 03 06 0a c8 0f 00 06 1e 28 0a 00 00 64 01 f1 dc 
--- DATA=0x01  packet: 55 0d 04 33 0a 06 f6 34 40 06 01 40 ec ---
[DATA=0x01] [IN] len=23 55 17 04 38 06 0a f6 34 80 06 01 00 94 06 01 80 00 02 80 00 03 08 42 
[DATA=0x01] [IN] len=64 55 4d 04 a8 06 0a cd 0f 40 00 81 72 63 32 32 31 00 00 00 00 00 00 00 00 00 00 00 00 00 00 00 00 00 00 00 00 00 00 00 00 00 00 00 00 00 0a 00 00 00 00 00 00 06 00 00 00 00 00 00 00 00 00 00 00 ***NEW/CHANGED***
[DATA=0x01] [IN] len=13 00 00 00 00 00 00 00 00 00 00 00 69 4e ***NEW/CHANGED***
[DATA=0x01] [IN] len=64 55 4d 04 a8 06 0a ce 0f 40 00 82 72 63 32 32 31 00 00 00 00 00 00 00 00 00 00 00 00 00 00 00 00 00 00 00 00 00 00 00 00 00 00 00 00 00 0a 00 00 00 00 00 00 06 00 00 00 00 00 00 00 00 00 00 00 ***NEW/CHANGED***
[DATA=0x01] [IN] len=36 00 00 00 00 00 00 00 00 00 00 00 12 1d 55 17 04 38 06 0a f6 34 80 06 01 00 94 06 01 80 00 02 80 00 03 08 42 ***NEW/CHANGED***
[DATA=0x01] [IN] len=46 55 17 04 38 06 0a f6 34 80 06 01 00 94 06 01 80 00 02 80 00 03 08 42 55 17 04 38 06 0a f6 34 80 06 01 00 94 06 01 80 00 02 80 00 03 08 42 ***NEW/CHANGED***
[DATA=0x01] [IN] len=42 55 17 04 38 06 0a f6 34 80 06 01 00 94 06 01 80 00 02 80 00 03 08 42 55 13 04 03 06 0a d3 0f 00 06 1e 28 0a 00 00 64 01 ad ef ***NEW/CHANGED***
[DATA=0x01] [IN] len=23 55 17 04 38 06 0a f6 34 80 06 01 00 00 04 01 00 00 02 80 00 03 63 48 ***NEW/CHANGED***
[DATA=0x01] [IN] len=64 55 17 04 38 06 0a f6 34 80 06 01 00 00 04 01 00 00 02 80 00 03 63 48 55 4d 04 a8 06 0a d8 0f 40 00 81 72 63 32 32 31 00 00 00 00 00 00 00 00 00 00 00 00 00 00 00 00 00 00 00 00 00 00 00 00 00 ***NEW/CHANGED***
[DATA=0x01] [IN] len=64 00 00 00 00 0a 00 00 00 00 00 00 06 00 00 00 00 00 00 00 00 00 00 00 00 00 00 00 00 00 00 00 00 00 00 7a 65 55 4d 04 a8 06 0a d9 0f 40 00 82 72 63 32 32 31 00 00 00 00 00 00 00 00 00 00 00 00 ***NEW/CHANGED***
[DATA=0x01] [IN] len=49 00 00 00 00 00 00 00 00 00 00 00 00 00 00 00 00 00 0a 00 00 00 00 00 00 06 00 00 00 00 00 00 00 00 00 00 00 00 00 00 00 00 00 00 00 00 00 00 a8 a8 ***NEW/CHANGED***
[DATA=0x01] [IN] len=64 55 17 04 38 06 0a f6 34 80 06 01 00 00 04 01 00 00 02 80 00 03 63 48 55 17 04 38 06 0a f6 34 80 06 01 00 00 04 01 00 00 02 80 00 03 63 48 55 17 04 38 06 0a f6 34 80 06 01 00 00 04 01 00 00 02 ***NEW/CHANGED***
[DATA=0x01] [IN] len=5 80 00 03 63 48 ***NEW/CHANGED***
[DATA=0x01] [IN] len=46 55 17 04 38 06 0a f6 34 80 06 01 00 00 04 01 00 00 02 80 00 03 63 48 55 17 04 38 06 0a f6 34 80 06 01 00 00 04 01 00 00 02 80 00 03 63 48 ***NEW/CHANGED***
--- DATA=0x02  packet: 55 0d 04 33 0a 06 01 35 40 06 02 1a 6d ---
[DATA=0x02] [IN] len=42 55 13 04 03 06 0a de 0f 00 06 1e 28 0a 00 00 64 01 c3 58 55 17 04 38 06 0a f6 34 80 06 01 00 00 04 01 00 00 02 80 00 03 63 48 ***NEW/CHANGED***
[DATA=0x02] [IN] len=23 55 17 04 38 06 0a f6 34 80 06 01 00 00 04 01 00 00 02 80 00 03 63 48 
[DATA=0x02] [IN] len=64 55 4d 04 a8 06 0a e3 0f 40 00 81 72 63 32 32 31 00 00 00 00 00 00 00 00 00 00 00 00 00 00 00 00 00 00 00 00 00 00 00 00 00 00 00 00 00 0a 00 00 00 00 00 00 06 00 00 00 00 00 00 00 00 00 00 00 ***NEW/CHANGED***
[DATA=0x02] [IN] len=13 00 00 00 00 00 00 00 00 00 00 00 0c 2d ***NEW/CHANGED***
[DATA=0x02] [IN] len=64 55 4d 04 a8 06 0a e4 0f 40 00 82 72 63 32 32 31 00 00 00 00 00 00 00 00 00 00 00 00 00 00 00 00 00 00 00 00 00 00 00 00 00 00 00 00 00 0a 00 00 00 00 00 00 06 00 00 00 00 00 00 00 00 00 00 00 ***NEW/CHANGED***
[DATA=0x02] [IN] len=13 00 00 00 00 00 00 00 00 00 00 00 34 4b ***NEW/CHANGED***
[DATA=0x02] [IN] len=19 55 13 04 03 06 0a e9 0f 00 06 1e 28 0a 00 00 64 01 ea 6b 
[DATA=0x02] [IN] len=64 55 4d 04 a8 06 0a ee 0f 40 00 81 72 63 32 32 31 00 00 00 00 00 00 00 00 00 00 00 00 00 00 00 00 00 00 00 00 00 00 00 00 00 00 00 00 00 0a 00 00 00 00 00 00 06 00 00 00 00 00 00 00 00 00 00 00 ***NEW/CHANGED***
[DATA=0x02] [IN] len=13 00 00 00 00 00 00 00 00 00 00 00 95 b9 ***NEW/CHANGED***
[DATA=0x02] [IN] len=29 55 4d 04 a8 06 0a ef 0f 40 00 82 72 63 32 32 31 00 00 00 00 00 00 00 00 00 00 00 00 00 ***NEW/CHANGED***
[DATA=0x02] [IN] len=48 00 00 00 00 00 00 00 00 00 00 00 00 00 00 00 00 0a 00 00 00 00 00 00 06 00 00 00 00 00 00 00 00 00 00 00 00 00 00 00 00 00 00 00 00 00 00 47 74 ***NEW/CHANGED***
[DATA=0x02] [IN] len=19 55 13 04 03 06 0a f4 0f 00 06 1e 28 0a 00 00 64 01 c1 ad ***NEW/CHANGED***
--- DATA=0x03  packet: 55 0d 04 33 0a 06 0c 35 40 06 03 e7 00 ---
[DATA=0x03] [IN] len=64 55 4d 04 a8 06 0a f9 0f 40 00 81 72 63 32 32 31 00 00 00 00 00 00 00 00 00 00 00 00 00 00 00 00 00 00 00 00 00 00 00 00 00 00 00 00 00 0a 00 00 00 00 00 00 06 00 00 00 00 00 00 00 00 00 00 00 ***NEW/CHANGED***
[DATA=0x03] [IN] len=13 00 00 00 00 00 00 00 00 00 00 00 2f 0c ***NEW/CHANGED***
[DATA=0x03] [IN] len=64 55 4d 04 a8 06 0a fa 0f 40 00 82 72 63 32 32 31 00 00 00 00 00 00 00 00 00 00 00 00 00 00 00 00 00 00 00 00 00 00 00 00 00 00 00 00 00 0a 00 00 00 00 00 00 06 00 00 00 00 00 00 00 00 00 00 00 ***NEW/CHANGED***
[DATA=0x03] [IN] len=28 00 00 00 00 00 00 00 00 00 00 00 54 5f 55 0f 04 a2 06 0a 0c 35 80 06 03 00 00 93 ca ***NEW/CHANGED***
[DATA=0x03] [IN] len=30 55 0f 04 a2 06 0a 0c 35 80 06 03 00 00 93 ca 55 0f 04 a2 06 0a 0c 35 80 06 03 00 00 93 ca ***NEW/CHANGED***
[DATA=0x03] [IN] len=15 55 0f 04 a2 06 0a 0c 35 80 06 03 00 00 93 ca ***NEW/CHANGED***
[DATA=0x03] [IN] len=34 55 13 04 03 06 0a ff 0f 00 06 1e 28 0a 00 00 64 01 d8 ef 55 0f 04 a2 06 0a 0c 35 80 06 03 00 00 93 ca ***NEW/CHANGED***
[DATA=0x03] [IN] len=64 55 0f 04 a2 06 0a 0c 35 80 06 03 00 00 93 ca 55 4d 04 a8 06 0a 04 10 40 00 81 72 63 32 32 31 00 00 00 00 00 00 00 00 00 00 00 00 00 00 00 00 00 00 00 00 00 00 00 00 00 00 00 00 00 0a 00 00 00 ***NEW/CHANGED***
[DATA=0x03] [IN] len=64 00 00 00 06 00 00 00 00 00 00 00 00 00 00 00 00 00 00 00 00 00 00 00 00 00 00 ff c2 55 4d 04 a8 06 0a 05 10 40 00 82 72 63 32 32 31 00 00 00 00 00 00 00 00 00 00 00 00 00 00 00 00 00 00 00 00 ***NEW/CHANGED***
[DATA=0x03] [IN] len=41 00 00 00 00 00 00 00 00 00 0a 00 00 00 00 00 00 06 00 00 00 00 00 00 00 00 00 00 00 00 00 00 00 00 00 00 00 00 00 00 2d 0f ***NEW/CHANGED***
[DATA=0x03] [IN] len=45 55 0f 04 a2 06 0a 0c 35 80 06 03 00 00 93 ca 55 0f 04 a2 06 0a 0c 35 80 06 03 00 00 93 ca 55 0f 04 a2 06 0a 0c 35 80 06 03 00 00 93 ca ***NEW/CHANGED***
[DATA=0x03] [IN] len=19 55 13 04 03 06 0a 0a 10 00 06 1e 28 0a 00 00 64 01 43 57 
--- DATA=0x04  packet: 55 0d 04 33 0a 06 17 35 40 06 04 f4 87 ---
[DATA=0x04] [IN] len=15 55 0f 04 a2 06 0a 0c 35 80 06 03 00 00 93 ca ***NEW/CHANGED***
[DATA=0x04] [IN] len=64 55 14 04 6d 06 0a 17 35 80 06 04 00 5a 04 80 00 80 00 5d 98 55 4d 04 a8 06 0a 0f 10 40 00 81 72 63 32 32 31 00 00 00 00 00 00 00 00 00 00 00 00 00 00 00 00 00 00 00 00 00 00 00 00 00 00 00 00 ***NEW/CHANGED***
[DATA=0x04] [IN] len=64 00 0a 00 00 00 00 00 00 06 00 00 00 00 00 00 00 00 00 00 00 00 00 00 00 00 00 00 00 00 00 00 8c fd 55 4d 04 a8 06 0a 10 10 40 00 82 72 63 32 32 31 00 00 00 00 00 00 00 00 00 00 00 00 00 00 00 ***NEW/CHANGED***
[DATA=0x04] [IN] len=46 00 00 00 00 00 00 00 00 00 00 00 00 00 00 0a 00 00 00 00 00 00 06 00 00 00 00 00 00 00 00 00 00 00 00 00 00 00 00 00 00 00 00 00 00 3e 24 ***NEW/CHANGED***
[DATA=0x04] [IN] len=60 55 14 04 6d 06 0a 17 35 80 06 04 00 5a 04 80 00 80 00 5d 98 55 14 04 6d 06 0a 17 35 80 06 04 00 5a 04 80 00 80 00 5d 98 55 14 04 6d 06 0a 17 35 80 06 04 00 5a 04 80 00 80 00 5d 98 ***NEW/CHANGED***
[DATA=0x04] [IN] len=20 55 14 04 6d 06 0a 17 35 80 06 04 00 5a 04 80 00 80 00 5d 98 ***NEW/CHANGED***
[DATA=0x04] [IN] len=39 55 14 04 6d 06 0a 17 35 80 06 04 00 5a 04 80 00 80 00 5d 98 55 13 04 03 06 0a 15 10 00 06 1e 28 0a 00 00 64 01 4a 3a ***NEW/CHANGED***
[DATA=0x04] [IN] len=18 55 14 04 6d 06 0a 17 35 80 06 04 00 5a 04 80 00 80 00 ***NEW/CHANGED***
[DATA=0x04] [IN] len=64 5d 98 55 4d 04 a8 06 0a 1a 10 40 00 81 72 63 32 32 31 00 00 00 00 00 00 00 00 00 00 00 00 00 00 00 00 00 00 00 00 00 00 00 00 00 00 00 00 00 0a 00 00 00 00 00 00 06 00 00 00 00 00 00 00 00 00 ***NEW/CHANGED***
[DATA=0x04] [IN] len=64 00 00 00 00 00 00 00 00 00 00 00 00 00 9f d6 55 4d 04 a8 06 0a 1b 10 40 00 82 72 63 32 32 31 00 00 00 00 00 00 00 00 00 00 00 00 00 00 00 00 00 00 00 00 00 00 00 00 00 00 00 00 00 0a 00 00 00 ***NEW/CHANGED***
[DATA=0x04] [IN] len=48 00 00 00 06 00 00 00 00 00 00 00 00 00 00 00 00 00 00 00 00 00 00 00 00 00 00 4d 1b 55 14 04 6d 06 0a 17 35 80 06 04 00 94 06 80 00 80 00 04 b0 ***NEW/CHANGED***
[DATA=0x04] [IN] len=60 55 14 04 6d 06 0a 17 35 80 06 04 00 94 06 80 00 80 00 04 b0 55 14 04 6d 06 0a 17 35 80 06 04 00 94 06 80 00 80 00 04 b0 55 14 04 6d 06 0a 17 35 80 06 04 00 94 06 80 00 80 00 04 b0 ***NEW/CHANGED***
[DATA=0x04] [IN] len=20 55 14 04 6d 06 0a 17 35 80 06 04 00 94 06 80 00 80 00 04 b0 ***NEW/CHANGED***
[DATA=0x04] [IN] len=39 55 14 04 6d 06 0a 17 35 80 06 04 00 94 06 80 00 80 00 04 b0 55 13 04 03 06 0a 20 10 00 06 1e 28 0a 00 00 64 01 41 a2 ***NEW/CHANGED***
--- DATA=0x05  packet: 55 0d 04 33 0a 06 22 35 40 06 05 f8 64 ---
[DATA=0x05] [IN] len=20 55 14 04 6d 06 0a 17 35 80 06 04 00 94 06 80 00 80 00 04 b0 ***NEW/CHANGED***
[DATA=0x05] [IN] len=64 55 14 04 6d 06 0a 17 35 80 06 04 00 94 06 80 00 80 00 04 b0 55 4d 04 a8 06 0a 25 10 40 00 81 72 63 32 32 31 00 00 00 00 00 00 00 00 00 00 00 00 00 00 00 00 00 00 00 00 00 00 00 00 00 00 00 00 ***NEW/CHANGED***
[DATA=0x05] [IN] len=64 00 0a 00 00 00 00 00 00 06 00 00 00 00 00 00 00 00 00 00 00 00 00 00 00 00 00 00 00 00 00 00 aa ab 55 4d 04 a8 06 0a 26 10 40 00 82 72 63 32 32 31 00 00 00 00 00 00 00 00 00 00 00 00 00 00 00 ***NEW/CHANGED***
[DATA=0x05] [IN] len=46 00 00 00 00 00 00 00 00 00 00 00 00 00 00 0a 00 00 00 00 00 00 06 00 00 00 00 00 00 00 00 00 00 00 00 00 00 00 00 00 00 00 00 00 00 d1 f8 ***NEW/CHANGED***
[DATA=0x05] [IN] len=19 55 13 04 03 06 0a 2b 10 00 06 1e 28 0a 00 00 64 01 58 e0 
[DATA=0x05] [IN] len=64 55 4d 04 a8 06 0a 30 10 40 00 81 72 63 32 32 31 00 00 00 00 00 00 00 00 00 00 00 00 00 00 00 00 00 00 00 00 00 00 00 00 00 00 00 00 00 0a 00 00 00 00 00 00 06 00 00 00 00 00 00 00 00 00 00 00 ***NEW/CHANGED***
[DATA=0x05] [IN] len=13 00 00 00 00 00 00 00 00 00 00 00 b9 80 ***NEW/CHANGED***
[DATA=0x05] [IN] len=64 55 4d 04 a8 06 0a 31 10 40 00 82 72 63 32 32 31 00 00 00 00 00 00 00 00 00 00 00 00 00 00 00 00 00 00 00 00 00 00 00 00 00 00 00 00 00 0a 00 00 00 00 00 00 06 00 00 00 00 00 00 00 00 00 00 00 ***NEW/CHANGED***
[DATA=0x05] [IN] len=13 00 00 00 00 00 00 00 00 00 00 00 6b 4d ***NEW/CHANGED***
[DATA=0x05] [IN] len=19 55 13 04 03 06 0a 36 10 00 06 1e 28 0a 00 00 64 01 73 26 ***NEW/CHANGED***
[DATA=0x05] [IN] len=64 55 4d 04 a8 06 0a 3b 10 40 00 81 72 63 32 32 31 00 00 00 00 00 00 00 00 00 00 00 00 00 00 00 00 00 00 00 00 00 00 00 00 00 00 00 00 00 0a 00 00 00 00 00 00 06 00 00 00 00 00 00 00 00 00 00 00 ***NEW/CHANGED***
--- DATA=0x06  packet: 55 0d 04 33 0a 06 2d 35 40 06 06 9f 3c ---
[DATA=0x06] [IN] len=13 00 00 00 00 00 00 00 00 00 00 00 ca bf ***NEW/CHANGED***
[DATA=0x06] [IN] len=64 55 4d 04 a8 06 0a 3c 10 40 00 82 72 63 32 32 31 00 00 00 00 00 00 00 00 00 00 00 00 00 00 00 00 00 00 00 00 00 00 00 00 00 00 00 00 00 0a 00 00 00 00 00 00 06 00 00 00 00 00 00 00 00 00 00 00 ***NEW/CHANGED***
[DATA=0x06] [IN] len=13 00 00 00 00 00 00 00 00 00 00 00 f2 d9 ***NEW/CHANGED***
[DATA=0x06] [IN] len=19 55 13 04 03 06 0a 41 10 00 06 1e 28 0a 00 00 64 01 5f d8 
[DATA=0x06] [IN] len=64 55 4d 04 a8 06 0a 46 10 40 00 81 72 63 32 32 31 00 00 00 00 00 00 00 00 00 00 00 00 00 00 00 00 00 00 00 00 00 00 00 00 00 00 00 00 00 0a 00 00 00 00 00 00 06 00 00 00 00 00 00 00 00 00 00 00 ***NEW/CHANGED***
[DATA=0x06] [IN] len=13 00 00 00 00 00 00 00 00 00 00 00 55 10 ***NEW/CHANGED***
[DATA=0x06] [IN] len=64 55 4d 04 a8 06 0a 47 10 40 00 82 72 63 32 32 31 00 00 00 00 00 00 00 00 00 00 00 00 00 00 00 00 00 00 00 00 00 00 00 00 00 00 00 00 00 0a 00 00 00 00 00 00 06 00 00 00 00 00 00 00 00 00 00 00 ***NEW/CHANGED***
[DATA=0x06] [IN] len=13 00 00 00 00 00 00 00 00 00 00 00 87 dd ***NEW/CHANGED***
[DATA=0x06] [IN] len=19 55 13 04 03 06 0a 4c 10 00 06 1e 28 0a 00 00 64 01 31 6f ***NEW/CHANGED***
[DATA=0x06] [IN] len=64 55 4d 04 a8 06 0a 51 10 40 00 81 72 63 32 32 31 00 00 00 00 00 00 00 00 00 00 00 00 00 00 00 00 00 00 00 00 00 00 00 00 00 00 00 00 00 0a 00 00 00 00 00 00 06 00 00 00 00 00 00 00 00 00 00 00 ***NEW/CHANGED***
--- DATA=0x07  packet: 55 0d 04 33 0a 06 38 35 40 06 07 02 bf ---
[DATA=0x07] [IN] len=13 00 00 00 00 00 00 00 00 00 00 00 ef a5 ***NEW/CHANGED***
[DATA=0x07] [IN] len=64 55 4d 04 a8 06 0a 52 10 40 00 82 72 63 32 32 31 00 00 00 00 00 00 00 00 00 00 00 00 00 00 00 00 00 00 00 00 00 00 00 00 00 00 00 00 00 0a 00 00 00 00 00 00 06 00 00 00 00 00 00 00 00 00 00 00 ***NEW/CHANGED***
[DATA=0x07] [IN] len=13 00 00 00 00 00 00 00 00 00 00 00 94 f6 ***NEW/CHANGED***
[DATA=0x07] [IN] len=30 55 0f 04 a2 06 0a 38 35 80 06 07 00 02 dc 33 55 0f 04 a2 06 0a 38 35 80 06 07 00 02 dc 33 ***NEW/CHANGED***
[DATA=0x07] [IN] len=15 55 0f 04 a2 06 0a 38 35 80 06 07 00 02 dc 33 ***NEW/CHANGED***
[DATA=0x07] [IN] len=34 55 0f 04 a2 06 0a 38 35 80 06 07 00 02 dc 33 55 13 04 03 06 0a 57 10 00 06 1e 28 0a 00 00 64 01 6d 5c ***NEW/CHANGED***
[DATA=0x07] [IN] len=64 55 0f 04 a2 06 0a 38 35 80 06 07 00 02 dc 33 55 4d 04 a8 06 0a 5c 10 40 00 81 72 63 32 32 31 00 00 00 00 00 00 00 00 00 00 00 00 00 00 00 00 00 00 00 00 00 00 00 00 00 00 00 00 00 0a 00 00 00 ***NEW/CHANGED***
[DATA=0x07] [IN] len=64 00 00 00 06 00 00 00 00 00 00 00 00 00 00 00 00 00 00 00 00 00 00 00 00 00 00 76 31 55 4d 04 a8 06 0a 5d 10 40 00 82 72 63 32 32 31 00 00 00 00 00 00 00 00 00 00 00 00 00 00 00 00 00 00 00 00 ***NEW/CHANGED***
[DATA=0x07] [IN] len=41 00 00 00 00 00 00 00 00 00 0a 00 00 00 00 00 00 06 00 00 00 00 00 00 00 00 00 00 00 00 00 00 00 00 00 00 00 00 00 00 a4 fc ***NEW/CHANGED***
[DATA=0x07] [IN] len=45 55 0f 04 a2 06 0a 38 35 80 06 07 00 02 dc 33 55 0f 04 a2 06 0a 38 35 80 06 07 00 02 dc 33 55 0f 04 a2 06 0a 38 35 80 06 07 00 02 dc 33 ***NEW/CHANGED***
[DATA=0x07] [IN] len=13 55 0f 04 a2 06 0a 38 35 80 06 07 00 02 ***NEW/CHANGED***
[DATA=0x07] [IN] len=17 dc 33 55 0f 04 a2 06 0a 38 35 80 06 07 00 02 dc 33 ***NEW/CHANGED***
[DATA=0x07] [IN] len=19 55 13 04 03 06 0a 62 10 00 06 1e 28 0a 00 00 64 01 66 c4 
--- DATA=0x08  packet: 55 0d 04 33 0a 06 43 35 40 06 08 ea 15 ---
[DATA=0x08] [IN] len=15 55 0f 04 a2 06 0a 38 35 80 06 07 00 02 dc 33 ***NEW/CHANGED***
[DATA=0x08] [IN] len=64 55 0f 04 a2 06 0a 38 35 80 06 07 00 02 dc 33 55 4d 04 a8 06 0a 67 10 40 00 81 72 63 32 32 31 00 00 00 00 00 00 00 00 00 00 00 00 00 00 00 00 00 00 00 00 00 00 00 00 00 00 00 00 00 0a 00 00 00 ***NEW/CHANGED***
[DATA=0x08] [IN] len=64 00 00 00 06 00 00 00 00 00 00 00 00 00 00 00 00 00 00 00 00 00 00 00 00 00 00 00 79 55 4d 04 a8 06 0a 68 10 40 00 82 72 63 32 32 31 00 00 00 00 00 00 00 00 00 00 00 00 00 00 00 00 00 00 00 00 ***NEW/CHANGED***
[DATA=0x08] [IN] len=41 00 00 00 00 00 00 00 00 00 0a 00 00 00 00 00 00 06 00 00 00 00 00 00 00 00 00 00 00 00 00 00 00 00 00 00 00 00 00 00 be 75 ***NEW/CHANGED***
[DATA=0x08] [IN] len=19 55 13 04 03 06 0a 6d 10 00 06 1e 28 0a 00 00 64 01 2a d8 
[DATA=0x08] [IN] len=64 55 4d 04 a8 06 0a 72 10 40 00 81 72 63 32 32 31 00 00 00 00 00 00 00 00 00 00 00 00 00 00 00 00 00 00 00 00 00 00 00 00 00 00 00 00 00 0a 00 00 00 00 00 00 06 00 00 00 00 00 00 00 00 00 00 00 ***NEW/CHANGED***
[DATA=0x08] [IN] len=13 00 00 00 00 00 00 00 00 00 00 00 13 52 ***NEW/CHANGED***
[DATA=0x08] [IN] len=64 55 4d 04 a8 06 0a 73 10 40 00 82 72 63 32 32 31 00 00 00 00 00 00 00 00 00 00 00 00 00 00 00 00 00 00 00 00 00 00 00 00 00 00 00 00 00 0a 00 00 00 00 00 00 06 00 00 00 00 00 00 00 00 00 00 00 ***NEW/CHANGED***
[DATA=0x08] [IN] len=13 00 00 00 00 00 00 00 00 00 00 00 c1 9f ***NEW/CHANGED***
[DATA=0x08] [IN] len=19 55 13 04 03 06 0a 78 10 00 06 1e 28 0a 00 00 64 01 ab a2 ***NEW/CHANGED***
[DATA=0x08] [IN] len=64 55 4d 04 a8 06 0a 7d 10 40 00 81 72 63 32 32 31 00 00 00 00 00 00 00 00 00 00 00 00 00 00 00 00 00 00 00 00 00 00 00 00 00 00 00 00 00 0a 00 00 00 00 00 00 06 00 00 00 00 00 00 00 00 00 00 00 ***NEW/CHANGED***
[DATA=0x08] [IN] len=13 00 00 00 00 00 00 00 00 00 00 00 23 58 ***NEW/CHANGED***
--- DATA=0x09  packet: 55 0d 04 33 0a 06 4e 35 40 06 09 17 78 ---
[DATA=0x09] [IN] len=64 55 4d 04 a8 06 0a 7e 10 40 00 82 72 63 32 32 31 00 00 00 00 00 00 00 00 00 00 00 00 00 00 00 00 00 00 00 00 00 00 00 00 00 00 00 00 00 0a 00 00 00 00 00 00 06 00 00 00 00 00 00 00 00 00 00 00 ***NEW/CHANGED***
[DATA=0x09] [IN] len=13 00 00 00 00 00 00 00 00 00 00 00 58 0b ***NEW/CHANGED***
[DATA=0x09] [IN] len=19 55 13 04 03 06 0a 83 10 00 06 1e 28 0a 00 00 64 01 63 2c 
[DATA=0x09] [IN] len=64 55 4d 04 a8 06 0a 88 10 40 00 81 72 63 32 32 31 00 00 00 00 00 00 00 00 00 00 00 00 00 00 00 00 00 00 00 00 00 00 00 00 00 00 00 00 00 0a 00 00 00 00 00 00 06 00 00 00 00 00 00 00 00 00 00 00 ***NEW/CHANGED***
[DATA=0x09] [IN] len=13 00 00 00 00 00 00 00 00 00 00 00 3c 05 ***NEW/CHANGED***
[DATA=0x09] [IN] len=64 55 4d 04 a8 06 0a 89 10 40 00 82 72 63 32 32 31 00 00 00 00 00 00 00 00 00 00 00 00 00 00 00 00 00 00 00 00 00 00 00 00 00 00 00 00 00 0a 00 00 00 00 00 00 06 00 00 00 00 00 00 00 00 00 00 00 ***NEW/CHANGED***
[DATA=0x09] [IN] len=13 00 00 00 00 00 00 00 00 00 00 00 ee c8 ***NEW/CHANGED***
[DATA=0x09] [IN] len=19 55 13 04 03 06 0a 8e 10 00 06 1e 28 0a 00 00 64 01 0d 9b ***NEW/CHANGED***
[DATA=0x09] [IN] len=64 55 4d 04 a8 06 0a 93 10 40 00 81 72 63 32 32 31 00 00 00 00 00 00 00 00 00 00 00 00 00 00 00 00 00 00 00 00 00 00 00 00 00 00 00 00 00 0a 00 00 00 00 00 00 06 00 00 00 00 00 00 00 00 00 00 00 ***NEW/CHANGED***
--- DATA=0x0a  packet: 55 0d 04 33 0a 06 59 35 40 06 0a 10 ce ---
[DATA=0x0a] [IN] len=13 00 00 00 00 00 00 00 00 00 00 00 43 ef ***NEW/CHANGED***
[DATA=0x0a] [IN] len=64 55 4d 04 a8 06 0a 94 10 40 00 82 72 63 32 32 31 00 00 00 00 00 00 00 00 00 00 00 00 00 00 00 00 00 00 00 00 00 00 00 00 00 00 00 00 00 0a 00 00 00 00 00 00 06 00 00 00 00 00 00 00 00 00 00 00 ***NEW/CHANGED***
[DATA=0x0a] [IN] len=13 00 00 00 00 00 00 00 00 00 00 00 7b 89 ***NEW/CHANGED***
[DATA=0x0a] [IN] len=19 55 13 04 03 06 0a 99 10 00 06 1e 28 0a 00 00 64 01 ae 4a 
[DATA=0x0a] [IN] len=64 55 4d 04 a8 06 0a 9e 10 40 00 81 72 63 32 32 31 00 00 00 00 00 00 00 00 00 00 00 00 00 00 00 00 00 00 00 00 00 00 00 00 00 00 00 00 00 0a 00 00 00 00 00 00 06 00 00 00 00 00 00 00 00 00 00 00 ***NEW/CHANGED***
[DATA=0x0a] [IN] len=13 00 00 00 00 00 00 00 00 00 00 00 da 7b ***NEW/CHANGED***
[DATA=0x0a] [IN] len=64 55 4d 04 a8 06 0a 9f 10 40 00 82 72 63 32 32 31 00 00 00 00 00 00 00 00 00 00 00 00 00 00 00 00 00 00 00 00 00 00 00 00 00 00 00 00 00 0a 00 00 00 00 00 00 06 00 00 00 00 00 00 00 00 00 00 00 ***NEW/CHANGED***
[DATA=0x0a] [IN] len=13 00 00 00 00 00 00 00 00 00 00 00 08 b6 ***NEW/CHANGED***
[DATA=0x0a] [IN] len=19 55 13 04 03 06 0a a4 10 00 06 1e 28 0a 00 00 64 01 0f 6e ***NEW/CHANGED***
[DATA=0x0a] [IN] len=64 55 4d 04 a8 06 0a a9 10 40 00 81 72 63 32 32 31 00 00 00 00 00 00 00 00 00 00 00 00 00 00 00 00 00 00 00 00 00 00 00 00 00 00 00 00 00 0a 00 00 00 00 00 00 06 00 00 00 00 00 00 00 00 00 00 00 ***NEW/CHANGED***
[DATA=0x0a] [IN] len=13 00 00 00 00 00 00 00 00 00 00 00 69 6c ***NEW/CHANGED***
--- DATA=0x0b  packet: 55 0d 04 33 0a 06 64 35 40 06 0b 3c 77 ---
[DATA=0x0b] [IN] len=64 55 4d 04 a8 06 0a aa 10 40 00 82 72 63 32 32 31 00 00 00 00 00 00 00 00 00 00 00 00 00 00 00 00 00 00 00 00 00 00 00 00 00 00 00 00 00 0a 00 00 00 00 00 00 06 00 00 00 00 00 00 00 00 00 00 00 ***NEW/CHANGED***
[DATA=0x0b] [IN] len=13 00 00 00 00 00 00 00 00 00 00 00 12 3f ***NEW/CHANGED***
[DATA=0x0b] [IN] len=19 55 13 04 03 06 0a af 10 00 06 1e 28 0a 00 00 64 01 16 2c 
[DATA=0x0b] [IN] len=64 55 4d 04 a8 06 0a b4 10 40 00 81 72 63 32 32 31 00 00 00 00 00 00 00 00 00 00 00 00 00 00 00 00 00 00 00 00 00 00 00 00 00 00 00 00 00 0a 00 00 00 00 00 00 06 00 00 00 00 00 00 00 00 00 00 00 ***NEW/CHANGED***
[DATA=0x0b] [IN] len=13 00 00 00 00 00 00 00 00 00 00 00 fc 2d ***NEW/CHANGED***
[DATA=0x0b] [IN] len=64 55 4d 04 a8 06 0a b5 10 40 00 82 72 63 32 32 31 00 00 00 00 00 00 00 00 00 00 00 00 00 00 00 00 00 00 00 00 00 00 00 00 00 00 00 00 00 0a 00 00 00 00 00 00 06 00 00 00 00 00 00 00 00 00 00 00 ***NEW/CHANGED***
[DATA=0x0b] [IN] len=13 00 00 00 00 00 00 00 00 00 00 00 2e e0 ***NEW/CHANGED***
[DATA=0x0b] [IN] len=19 55 13 04 03 06 0a ba 10 00 06 1e 28 0a 00 00 64 01 97 56 ***NEW/CHANGED***
[DATA=0x0b] [IN] len=64 55 4d 04 a8 06 0a bf 10 40 00 81 72 63 32 32 31 00 00 00 00 00 00 00 00 00 00 00 00 00 00 00 00 00 00 00 00 00 00 00 00 00 00 00 00 00 0a 00 00 00 00 00 00 06 00 00 00 00 00 00 00 00 00 00 00 ***NEW/CHANGED***
[DATA=0x0b] [IN] len=13 00 00 00 00 00 00 00 00 00 00 00 8f 12 ***NEW/CHANGED***
--- DATA=0x0c  packet: 55 0d 04 33 0a 06 6f 35 40 06 0c 6f 44 ---
[DATA=0x0c] [IN] len=64 55 4d 04 a8 06 0a c0 10 40 00 82 72 63 32 32 31 00 00 00 00 00 00 00 00 00 00 00 00 00 00 00 00 00 00 00 00 00 00 00 00 00 00 00 00 00 0a 00 00 00 00 00 00 06 00 00 00 00 00 00 00 00 00 00 00 ***NEW/CHANGED***
[DATA=0x0c] [IN] len=13 00 00 00 00 00 00 00 00 00 00 00 37 25 ***NEW/CHANGED***
[DATA=0x0c] [IN] len=19 55 13 04 03 06 0a c5 10 00 06 1e 28 0a 00 00 64 01 11 14 
[DATA=0x0c] [IN] len=64 55 4d 04 a8 06 0a ca 10 40 00 81 72 63 32 32 31 00 00 00 00 00 00 00 00 00 00 00 00 00 00 00 00 00 00 00 00 00 00 00 00 00 00 00 00 00 0a 00 00 00 00 00 00 06 00 00 00 00 00 00 00 00 00 00 00 ***NEW/CHANGED***
[DATA=0x0c] [IN] len=13 00 00 00 00 00 00 00 00 00 00 00 96 d7 ***NEW/CHANGED***
[DATA=0x0c] [IN] len=64 55 4d 04 a8 06 0a cb 10 40 00 82 72 63 32 32 31 00 00 00 00 00 00 00 00 00 00 00 00 00 00 00 00 00 00 00 00 00 00 00 00 00 00 00 00 00 0a 00 00 00 00 00 00 06 00 00 00 00 00 00 00 00 00 00 00 ***NEW/CHANGED***
[DATA=0x0c] [IN] len=13 00 00 00 00 00 00 00 00 00 00 00 44 1a ***NEW/CHANGED***
[DATA=0x0c] [IN] len=19 55 13 04 03 06 0a d0 10 00 06 1e 28 0a 00 00 64 01 90 6e ***NEW/CHANGED***
[DATA=0x0c] [IN] len=64 55 4d 04 a8 06 0a d5 10 40 00 81 72 63 32 32 31 00 00 00 00 00 00 00 00 00 00 00 00 00 00 00 00 00 00 00 00 00 00 00 00 00 00 00 00 00 0a 00 00 00 00 00 00 06 00 00 00 00 00 00 00 00 00 00 00 ***NEW/CHANGED***
[DATA=0x0c] [IN] len=13 00 00 00 00 00 00 00 00 00 00 00 aa 08 ***NEW/CHANGED***
--- DATA=0x0d  packet: 55 0d 04 33 0a 06 7a 35 40 06 0d f2 c7 ---
[DATA=0x0d] [IN] len=64 55 4d 04 a8 06 0a d6 10 40 00 82 72 63 32 32 31 00 00 00 00 00 00 00 00 00 00 00 00 00 00 00 00 00 00 00 00 00 00 00 00 00 00 00 00 00 0a 00 00 00 00 00 00 06 00 00 00 00 00 00 00 00 00 00 00 ***NEW/CHANGED***
[DATA=0x0d] [IN] len=13 00 00 00 00 00 00 00 00 00 00 00 d1 5b ***NEW/CHANGED***
[DATA=0x0d] [IN] len=19 55 13 04 03 06 0a db 10 00 06 1e 28 0a 00 00 64 01 89 2c 
[DATA=0x0d] [IN] len=64 55 4d 04 a8 06 0a e0 10 40 00 81 72 63 32 32 31 00 00 00 00 00 00 00 00 00 00 00 00 00 00 00 00 00 00 00 00 00 00 00 00 00 00 00 00 00 0a 00 00 00 00 00 00 06 00 00 00 00 00 00 00 00 00 00 00 ***NEW/CHANGED***
[DATA=0x0d] [IN] len=13 00 00 00 00 00 00 00 00 00 00 00 b0 81 ***NEW/CHANGED***
[DATA=0x0d] [IN] len=64 55 4d 04 a8 06 0a e1 10 40 00 82 72 63 32 32 31 00 00 00 00 00 00 00 00 00 00 00 00 00 00 00 00 00 00 00 00 00 00 00 00 00 00 00 00 00 0a 00 00 00 00 00 00 06 00 00 00 00 00 00 00 00 00 00 00 ***NEW/CHANGED***
[DATA=0x0d] [IN] len=13 00 00 00 00 00 00 00 00 00 00 00 62 4c ***NEW/CHANGED***
[DATA=0x0d] [IN] len=19 55 13 04 03 06 0a e6 10 00 06 1e 28 0a 00 00 64 01 28 08 ***NEW/CHANGED***
[DATA=0x0d] [IN] len=64 55 4d 04 a8 06 0a eb 10 40 00 81 72 63 32 32 31 00 00 00 00 00 00 00 00 00 00 00 00 00 00 00 00 00 00 00 00 00 00 00 00 00 00 00 00 00 0a 00 00 00 00 00 00 06 00 00 00 00 00 00 00 00 00 00 00 ***NEW/CHANGED***
[DATA=0x0d] [IN] len=13 00 00 00 00 00 00 00 00 00 00 00 c3 be ***NEW/CHANGED***
--- DATA=0x0e  packet: 55 0d 04 33 0a 06 85 35 40 06 0e 33 00 ---
[DATA=0x0e] [IN] len=64 55 4d 04 a8 06 0a ec 10 40 00 82 72 63 32 32 31 00 00 00 00 00 00 00 00 00 00 00 00 00 00 00 00 00 00 00 00 00 00 00 00 00 00 00 00 00 0a 00 00 00 00 00 00 06 00 00 00 00 00 00 00 00 00 00 00 ***NEW/CHANGED***
[DATA=0x0e] [IN] len=13 00 00 00 00 00 00 00 00 00 00 00 fb d8 ***NEW/CHANGED***
[DATA=0x0e] [IN] len=19 55 13 04 03 06 0a f1 10 00 06 1e 28 0a 00 00 64 01 8b d9 
[DATA=0x0e] [IN] len=64 55 4d 04 a8 06 0a f6 10 40 00 81 72 63 32 32 31 00 00 00 00 00 00 00 00 00 00 00 00 00 00 00 00 00 00 00 00 00 00 00 00 00 00 00 00 00 0a 00 00 00 00 00 00 06 00 00 00 00 00 00 00 00 00 00 00 ***NEW/CHANGED***
[DATA=0x0e] [IN] len=13 00 00 00 00 00 00 00 00 00 00 00 56 ff ***NEW/CHANGED***
[DATA=0x0e] [IN] len=64 55 4d 04 a8 06 0a f7 10 40 00 82 72 63 32 32 31 00 00 00 00 00 00 00 00 00 00 00 00 00 00 00 00 00 00 00 00 00 00 00 00 00 00 00 00 00 0a 00 00 00 00 00 00 06 00 00 00 00 00 00 00 00 00 00 00 ***NEW/CHANGED***
[DATA=0x0e] [IN] len=13 00 00 00 00 00 00 00 00 00 00 00 84 32 ***NEW/CHANGED***
[DATA=0x0e] [IN] len=19 55 13 04 03 06 0a fc 10 00 06 1e 28 0a 00 00 64 01 e5 6e ***NEW/CHANGED***
[DATA=0x0e] [IN] len=64 55 4d 04 a8 06 0a 01 11 40 00 81 72 63 32 32 31 00 00 00 00 00 00 00 00 00 00 00 00 00 00 00 00 00 00 00 00 00 00 00 00 00 00 00 00 00 0a 00 00 00 00 00 00 06 00 00 00 00 00 00 00 00 00 00 00 ***NEW/CHANGED***
--- DATA=0x0f  packet: 55 0d 04 33 0a 06 90 35 40 06 0f ae 83 ---
[DATA=0x0f] [IN] len=13 00 00 00 00 00 00 00 00 00 00 00 fd 04 ***NEW/CHANGED***
[DATA=0x0f] [IN] len=64 55 4d 04 a8 06 0a 02 11 40 00 82 72 63 32 32 31 00 00 00 00 00 00 00 00 00 00 00 00 00 00 00 00 00 00 00 00 00 00 00 00 00 00 00 00 00 0a 00 00 00 00 00 00 06 00 00 00 00 00 00 00 00 00 00 00 ***NEW/CHANGED***
[DATA=0x0f] [IN] len=13 00 00 00 00 00 00 00 00 00 00 00 86 57 ***NEW/CHANGED***
[DATA=0x0f] [IN] len=19 55 13 04 03 06 0a 07 11 00 06 1e 28 0a 00 00 64 01 0a cc 
[DATA=0x0f] [IN] len=64 55 4d 04 a8 06 0a 0c 11 40 00 81 72 63 32 32 31 00 00 00 00 00 00 00 00 00 00 00 00 00 00 00 00 00 00 00 00 00 00 00 00 00 00 00 00 00 0a 00 00 00 00 00 00 06 00 00 00 00 00 00 00 00 00 00 00 ***NEW/CHANGED***
[DATA=0x0f] [IN] len=13 00 00 00 00 00 00 00 00 00 00 00 64 90 ***NEW/CHANGED***
[DATA=0x0f] [IN] len=64 55 4d 04 a8 06 0a 0d 11 40 00 82 72 63 32 32 31 00 00 00 00 00 00 00 00 00 00 00 00 00 00 00 00 00 00 00 00 00 00 00 00 00 00 00 00 00 0a 00 00 00 00 00 00 06 00 00 00 00 00 00 00 00 00 00 00 ***NEW/CHANGED***
[DATA=0x0f] [IN] len=13 00 00 00 00 00 00 00 00 00 00 00 b6 5d ***NEW/CHANGED***
[DATA=0x0f] [IN] len=19 55 13 04 03 06 0a 12 11 00 06 1e 28 0a 00 00 64 01 8b b6 ***NEW/CHANGED***
[DATA=0x0f] [IN] len=64 55 4d 04 a8 06 0a 17 11 40 00 81 72 63 32 32 31 00 00 00 00 00 00 00 00 00 00 00 00 00 00 00 00 00 00 00 00 00 00 00 00 00 00 00 00 00 0a 00 00 00 00 00 00 06 00 00 00 00 00 00 00 00 00 00 00 ***NEW/CHANGED***
[DATA=0x0f] [IN] len=13 00 00 00 00 00 00 00 00 00 00 00 1b 7a ***NEW/CHANGED***
--- DATA=0x10  packet: 55 0d 04 33 0a 06 9b 35 40 06 10 34 2c ---
[DATA=0x10] [IN] len=64 55 4d 04 a8 06 0a 18 11 40 00 82 72 63 32 32 31 00 00 00 00 00 00 00 00 00 00 00 00 00 00 00 00 00 00 00 00 00 00 00 00 00 00 00 00 00 0a 00 00 00 00 00 00 06 00 00 00 00 00 00 00 00 00 00 00 ***NEW/CHANGED***
[DATA=0x10] [IN] len=13 00 00 00 00 00 00 00 00 00 00 00 a5 76 ***NEW/CHANGED***
[DATA=0x10] [IN] len=19 55 13 04 03 06 0a 1d 11 00 06 1e 28 0a 00 00 64 01 c7 aa 
[DATA=0x10] [IN] len=64 55 4d 04 a8 06 0a 22 11 40 00 81 72 63 32 32 31 00 00 00 00 00 00 00 00 00 00 00 00 00 00 00 00 00 00 00 00 00 00 00 00 00 00 00 00 00 0a 00 00 00 00 00 00 06 00 00 00 00 00 00 00 00 00 00 00 ***NEW/CHANGED***
[DATA=0x10] [IN] len=13 00 00 00 00 00 00 00 00 00 00 00 01 f3 ***NEW/CHANGED***
[DATA=0x10] [IN] len=64 55 4d 04 a8 06 0a 23 11 40 00 82 72 63 32 32 31 00 00 00 00 00 00 00 00 00 00 00 00 00 00 00 00 00 00 00 00 00 00 00 00 00 00 00 00 00 0a 00 00 00 00 00 00 06 00 00 00 00 00 00 00 00 00 00 00 ***NEW/CHANGED***
[DATA=0x10] [IN] len=13 00 00 00 00 00 00 00 00 00 00 00 d3 3e ***NEW/CHANGED***
[DATA=0x10] [IN] len=19 55 13 04 03 06 0a 28 11 00 06 1e 28 0a 00 00 64 01 cc 32 ***NEW/CHANGED***
[DATA=0x10] [IN] len=64 55 4d 04 a8 06 0a 2d 11 40 00 81 72 63 32 32 31 00 00 00 00 00 00 00 00 00 00 00 00 00 00 00 00 00 00 00 00 00 00 00 00 00 00 00 00 00 0a 00 00 00 00 00 00 06 00 00 00 00 00 00 00 00 00 00 00 ***NEW/CHANGED***
[DATA=0x10] [IN] len=13 00 00 00 00 00 00 00 00 00 00 00 31 f9 ***NEW/CHANGED***
